1 0.660400 0.066375 0.039551 0.093363
1 0.666260 0.145514 0.038574 0.091174
1 0.677979 0.227206 0.041504 0.094092
1 0.685791 0.306346 0.040527 0.094821
1 0.698242 0.401532 0.046875 0.095551
1 0.709473 0.508753 0.051758 0.101386
1 0.724609 0.616703 0.047852 0.107221
1 0.739746 0.737783 0.051758 0.105762
0 0.285400 0.139314 0.042480 0.094821
0 0.287109 0.058352 0.039062 0.094821
0 0.283447 0.222465 0.040527 0.094821
0 0.277344 0.309628 0.042969 0.099927
0 0.277344 0.408826 0.044922 0.097009
0 0.266846 0.512764 0.045410 0.094821
0 0.265137 0.613786 0.048828 0.101386
0 0.251953 0.736324 0.060547 0.108680
