1 0.665039 0.146608 0.039062 0.083151
1 0.657715 0.060175 0.041992 0.095551
1 0.708496 0.508388 0.046875 0.097739
1 0.697021 0.402626 0.046387 0.100656
1 0.673828 0.225383 0.041992 0.100656
1 0.516113 0.300511 0.039062 0.103574
1 0.615479 0.616703 0.049316 0.107221
1 0.644287 0.739606 0.052246 0.113786
0 0.448975 0.735594 0.053223 0.107221
0 0.264893 0.509847 0.046387 0.097739
0 0.262695 0.614150 0.056641 0.105033
0 0.275635 0.410284 0.046387 0.102845
0 0.436768 0.301240 0.043457 0.096280
0 0.428955 0.141867 0.043457 0.094092
0 0.281494 0.221371 0.043457 0.101386
0 0.284912 0.060175 0.044434 0.101386
