1 0.743408 0.786652 0.058105 0.113056
1 0.682861 0.343910 0.044434 0.102845
1 0.575684 0.176513 0.043945 0.107950
1 0.507324 0.088257 0.041992 0.100656
1 0.512695 0.263676 0.041992 0.102845
1 0.532471 0.446754 0.045410 0.104303
1 0.599854 0.545587 0.046387 0.110868
1 0.543457 0.668125 0.050781 0.119621
0 0.274170 0.168125 0.040527 0.104303
0 0.261963 0.337345 0.043457 0.101386
0 0.414062 0.085339 0.042969 0.103574
0 0.416748 0.245806 0.046387 0.106492
0 0.260498 0.438731 0.049316 0.102845
0 0.247559 0.668855 0.052734 0.107950
0 0.448486 0.788476 0.054199 0.115244
0 0.429932 0.560540 0.049316 0.110139
