1 0.663330 0.144055 0.043457 0.094092
1 0.675049 0.230489 0.045410 0.100656
1 0.707764 0.506565 0.053223 0.098468
1 0.698730 0.401167 0.045898 0.100656
1 0.617188 0.617797 0.052734 0.112327
1 0.644043 0.741430 0.050781 0.113056
1 0.517822 0.066010 0.042480 0.095551
1 0.515381 0.302699 0.042480 0.097739
0 0.436035 0.302699 0.046875 0.102115
0 0.427979 0.140044 0.048340 0.105033
0 0.284424 0.057257 0.043457 0.105762
0 0.281738 0.221371 0.043945 0.101386
0 0.273682 0.408096 0.050293 0.098468
0 0.265381 0.513494 0.051270 0.096280
0 0.263428 0.613421 0.051270 0.105033
0 0.447021 0.731218 0.052246 0.104303
