0 0.449951 0.740700 0.050293 0.107221
1 0.619385 0.614880 0.051270 0.106492
1 0.645752 0.739606 0.049316 0.105033
0 0.262695 0.515682 0.056641 0.103574
0 0.262207 0.616703 0.058594 0.102845
0 0.273438 0.408461 0.057617 0.100656
0 0.285645 0.058352 0.041992 0.100656
0 0.282959 0.222830 0.046387 0.099927
1 0.708496 0.507659 0.049805 0.099198
1 0.517090 0.297958 0.044922 0.098468
1 0.677246 0.226842 0.041992 0.097739
0 0.429932 0.139314 0.041504 0.097739
0 0.276123 0.309263 0.046387 0.096280
1 0.666748 0.145514 0.041504 0.092633
1 0.659912 0.061634 0.038574 0.091174
1 0.700195 0.401532 0.046875 0.105762
