1 0.682861 0.342815 0.042480 0.102115
1 0.654297 0.092633 0.041992 0.099198
1 0.576904 0.176878 0.043457 0.101386
1 0.514160 0.262582 0.041992 0.103574
1 0.529297 0.448213 0.050781 0.104303
1 0.743652 0.782640 0.051758 0.112327
1 0.599854 0.545952 0.047363 0.107221
1 0.542480 0.667031 0.052734 0.110139
0 0.417725 0.245806 0.043457 0.102115
0 0.413086 0.086798 0.041992 0.097739
0 0.271973 0.163384 0.041992 0.096280
0 0.260498 0.339533 0.048340 0.101386
0 0.260986 0.437272 0.052246 0.108680
0 0.248291 0.667396 0.046387 0.100656
0 0.431396 0.553611 0.045410 0.115244
0 0.449707 0.788476 0.055664 0.107950
