1 0.738770 0.735959 0.050781 0.100656
1 0.723877 0.614150 0.049316 0.100656
1 0.709961 0.508753 0.042969 0.095551
1 0.698486 0.405179 0.044434 0.097009
1 0.685791 0.307805 0.045410 0.093363
1 0.675293 0.226477 0.040039 0.095551
1 0.665283 0.146244 0.041504 0.088257
1 0.660889 0.063457 0.039551 0.091904
0 0.287109 0.055799 0.038086 0.095551
0 0.285156 0.137491 0.041992 0.088257
0 0.282471 0.225018 0.041504 0.097009
0 0.276855 0.307440 0.047852 0.098468
0 0.277832 0.409555 0.046875 0.098468
0 0.263916 0.514223 0.054199 0.102115
0 0.264648 0.615609 0.050781 0.105033
0 0.252441 0.739971 0.054688 0.102845
