1 0.659180 0.064916 0.041016 0.093363
1 0.665283 0.143691 0.042480 0.091904
1 0.675049 0.224654 0.045410 0.094821
1 0.684570 0.303793 0.044922 0.105762
1 0.699463 0.398979 0.041504 0.102115
1 0.711670 0.502553 0.043457 0.106492
1 0.725342 0.612691 0.046387 0.105033
1 0.739258 0.733771 0.051758 0.115244
0 0.281982 0.056893 0.046387 0.087527
0 0.281982 0.138220 0.047363 0.091174
0 0.281006 0.223195 0.046387 0.096280
0 0.273193 0.308899 0.056152 0.098468
0 0.272949 0.411014 0.056641 0.104303
0 0.261963 0.512035 0.058105 0.094821
0 0.261475 0.615609 0.061035 0.105033
0 0.250488 0.737418 0.060547 0.103574
