0 0.273682 0.168855 0.040527 0.091174
1 0.682861 0.343910 0.042480 0.098468
1 0.511719 0.259300 0.041992 0.089716
0 0.269287 0.100292 0.053223 0.102845
1 0.574707 0.175419 0.047852 0.097009
0 0.271484 0.330780 0.056641 0.123268
1 0.656250 0.096280 0.041992 0.088986
0 0.414062 0.248359 0.044922 0.105762
0 0.434814 0.556893 0.059082 0.110139
1 0.549072 0.656455 0.057129 0.105033
0 0.249023 0.665208 0.050781 0.103574
1 0.599365 0.543399 0.053223 0.115244
0 0.261230 0.427061 0.061523 0.126185
1 0.528564 0.452954 0.054199 0.110868
0 0.440186 0.780452 0.062012 0.118162
1 0.746094 0.776441 0.054688 0.113056
