1 0.597168 0.545952 0.058594 0.114515
1 0.739258 0.784829 0.061523 0.112327
1 0.682373 0.346098 0.043457 0.107221
1 0.576660 0.177972 0.041992 0.106492
1 0.507080 0.091174 0.047363 0.103574
1 0.514893 0.263676 0.046387 0.110139
1 0.354492 0.452225 0.045898 0.105033
1 0.542969 0.665208 0.049805 0.113786
0 0.417480 0.245077 0.047852 0.107950
0 0.411377 0.085704 0.046387 0.104303
0 0.272949 0.166667 0.047852 0.098468
0 0.261230 0.340992 0.047852 0.107221
0 0.246094 0.668125 0.056641 0.113786
0 0.259277 0.436178 0.053711 0.112327
0 0.431396 0.559081 0.047363 0.111597
0 0.445557 0.792123 0.058105 0.116703
