1 0.682617 0.343910 0.041016 0.104303
1 0.743408 0.781911 0.055176 0.109409
1 0.507324 0.090080 0.041992 0.099927
1 0.577393 0.176149 0.042480 0.101386
1 0.514893 0.265500 0.046387 0.105033
1 0.533447 0.444566 0.044434 0.104303
1 0.599365 0.545587 0.047363 0.110868
1 0.543213 0.666302 0.054199 0.114515
0 0.246094 0.667761 0.052734 0.110139
0 0.260010 0.437637 0.054199 0.100656
0 0.261963 0.341357 0.050293 0.100656
0 0.275146 0.163384 0.041504 0.093363
0 0.413818 0.088257 0.044434 0.100656
0 0.416504 0.244712 0.045898 0.101386
0 0.429932 0.558716 0.051270 0.107950
0 0.447266 0.787746 0.056641 0.113786
