1 0.664307 0.143326 0.044434 0.105762
1 0.676025 0.225383 0.049316 0.103574
1 0.700439 0.402991 0.054199 0.107221
1 0.707520 0.506200 0.052734 0.107950
1 0.640381 0.740336 0.057129 0.118162
1 0.517822 0.066375 0.045410 0.107950
1 0.520020 0.300875 0.046875 0.104303
0 0.436523 0.300875 0.048828 0.105762
0 0.285889 0.057987 0.049316 0.102845
0 0.288086 0.216630 0.048828 0.103574
0 0.272949 0.408826 0.059570 0.104303
0 0.263184 0.512400 0.055664 0.102845
0 0.262695 0.615609 0.057617 0.109409
0 0.449707 0.737418 0.054688 0.118162
