1 0.684326 0.343545 0.049316 0.100656
1 0.741455 0.786652 0.061035 0.108680
1 0.540771 0.668125 0.055176 0.110868
1 0.598145 0.545952 0.048828 0.110139
1 0.576172 0.174325 0.042969 0.099198
1 0.508057 0.090080 0.036621 0.101386
1 0.513184 0.262217 0.045898 0.101386
1 0.358154 0.451131 0.046387 0.107221
0 0.272949 0.164114 0.042969 0.091904
0 0.258789 0.334792 0.050781 0.100656
0 0.245361 0.667761 0.057129 0.114515
0 0.258789 0.437637 0.050781 0.105033
0 0.413818 0.086798 0.043457 0.100656
0 0.416992 0.244347 0.043945 0.105033
0 0.431641 0.557622 0.046875 0.107221
