1 0.741455 0.783735 0.062012 0.111597
1 0.684082 0.343545 0.047852 0.100656
1 0.578857 0.176149 0.045410 0.101386
1 0.514160 0.262217 0.044922 0.102845
1 0.607422 0.540846 0.047852 0.107221
1 0.542236 0.666667 0.052246 0.109409
1 0.356689 0.449307 0.047363 0.097739
0 0.272461 0.168125 0.044922 0.104303
0 0.412842 0.085339 0.046387 0.106492
0 0.417236 0.249088 0.047363 0.107221
0 0.259521 0.338074 0.049316 0.102845
0 0.257812 0.439096 0.054688 0.103574
0 0.244873 0.667031 0.060059 0.113056
0 0.429443 0.559081 0.047363 0.107221
