1 0.738770 0.735594 0.050781 0.101386
1 0.723633 0.614515 0.050781 0.097009
1 0.711670 0.509482 0.050293 0.095551
1 0.699219 0.404814 0.043945 0.094821
1 0.685791 0.307805 0.043457 0.094821
1 0.674316 0.227936 0.044922 0.094092
1 0.666748 0.145879 0.041504 0.091904
1 0.660645 0.060904 0.038086 0.097009
0 0.281738 0.057987 0.043945 0.088257
0 0.281738 0.138950 0.044922 0.089716
0 0.280762 0.223924 0.042969 0.096280
0 0.275391 0.307440 0.049805 0.097009
0 0.273682 0.409190 0.054199 0.100656
0 0.264648 0.511670 0.053711 0.098468
0 0.263916 0.612691 0.051270 0.106492
0 0.254150 0.734136 0.051270 0.111597
