1 0.743164 0.785558 0.056641 0.107950
1 0.723877 0.645514 0.053223 0.107950
1 0.699707 0.544858 0.050781 0.102115
1 0.696533 0.429978 0.048340 0.099927
1 0.677734 0.343545 0.055664 0.100656
1 0.675781 0.268417 0.047852 0.100656
1 0.654053 0.177972 0.046387 0.097739
1 0.653076 0.089716 0.041504 0.100656
0 0.266602 0.091174 0.048828 0.099198
0 0.273193 0.169584 0.048340 0.104303
0 0.260254 0.255653 0.050781 0.102845
0 0.258301 0.340263 0.052734 0.101386
0 0.260010 0.436907 0.056152 0.109409
0 0.239014 0.802699 0.061035 0.108680
0 0.243896 0.664843 0.059082 0.115974
0 0.430664 0.557622 0.052734 0.113056
