1 0.658203 0.063457 0.041992 0.093363
1 0.665039 0.142597 0.040039 0.095551
1 0.676758 0.225748 0.041992 0.095551
1 0.687012 0.308169 0.042969 0.098468
1 0.698486 0.403720 0.049316 0.094092
1 0.711670 0.506565 0.046387 0.105762
1 0.725098 0.615609 0.049805 0.102115
1 0.739014 0.736324 0.054199 0.101386
0 0.253906 0.740700 0.056641 0.104303
0 0.260742 0.616703 0.062500 0.102845
0 0.264404 0.514223 0.052246 0.097739
0 0.276611 0.411379 0.050293 0.100656
0 0.277100 0.309993 0.052246 0.097739
0 0.285645 0.225748 0.042969 0.094092
0 0.285645 0.138950 0.044922 0.088257
0 0.285645 0.059810 0.043945 0.097739
