1 0.744873 0.786287 0.059082 0.110868
1 0.722168 0.645879 0.062500 0.111597
1 0.696777 0.541940 0.054688 0.102115
1 0.694336 0.429613 0.051758 0.099198
1 0.684814 0.345004 0.048340 0.097739
1 0.677734 0.266229 0.046875 0.099198
1 0.659668 0.176149 0.041992 0.095551
1 0.654785 0.091174 0.041992 0.099198
0 0.265869 0.089716 0.044434 0.097739
0 0.271240 0.169949 0.045410 0.100656
0 0.258545 0.255288 0.045410 0.100656
0 0.261475 0.336251 0.050293 0.096280
0 0.259766 0.437272 0.051758 0.104303
0 0.252197 0.548505 0.051270 0.106492
0 0.243652 0.669220 0.054688 0.110139
0 0.237793 0.803793 0.063477 0.107950
