1 0.675293 0.227936 0.045898 0.097009
1 0.665283 0.145514 0.039551 0.094092
1 0.697266 0.402261 0.046875 0.107221
1 0.707520 0.504741 0.049805 0.100656
1 0.643555 0.744347 0.051758 0.114515
1 0.615723 0.613421 0.050781 0.102115
1 0.514648 0.299781 0.044922 0.097739
1 0.519287 0.068928 0.041504 0.102845
0 0.435547 0.301240 0.041992 0.102115
0 0.428711 0.138220 0.047852 0.104303
0 0.283936 0.056163 0.046387 0.102115
0 0.281982 0.221736 0.047363 0.099198
0 0.273193 0.405543 0.055176 0.096280
0 0.264404 0.509482 0.046387 0.104303
0 0.264404 0.614150 0.054199 0.110868
0 0.448730 0.735959 0.054688 0.113786
