0 0.436523 0.297593 0.040039 0.093363
0 0.429443 0.141503 0.037598 0.094821
0 0.285889 0.059446 0.041504 0.095551
0 0.281250 0.222465 0.042969 0.097739
0 0.275146 0.410284 0.052246 0.097009
0 0.264893 0.511306 0.046387 0.103574
0 0.264160 0.613786 0.048828 0.108680
0 0.446777 0.733406 0.052734 0.107221
1 0.707275 0.509482 0.053223 0.095551
1 0.696289 0.404449 0.049805 0.104303
1 0.617920 0.617797 0.051270 0.102115
1 0.642334 0.741794 0.051270 0.105033
1 0.673584 0.229030 0.045410 0.094821
1 0.663574 0.147702 0.039062 0.098468
1 0.519775 0.066740 0.038574 0.095551
1 0.516602 0.301240 0.041016 0.102115
