1 0.660156 0.063457 0.039062 0.096280
1 0.665039 0.145514 0.041016 0.094092
1 0.676758 0.226842 0.039062 0.093363
1 0.685791 0.309263 0.042480 0.097739
1 0.697998 0.401167 0.045410 0.097739
1 0.710938 0.507294 0.046875 0.098468
1 0.723389 0.615244 0.053223 0.102845
1 0.737793 0.732312 0.050781 0.112327
0 0.286865 0.058716 0.041504 0.094092
0 0.284180 0.138950 0.041016 0.089716
0 0.281738 0.224289 0.039062 0.095551
0 0.276611 0.307075 0.043457 0.096280
0 0.278564 0.407002 0.044434 0.097739
0 0.266113 0.512400 0.046875 0.101386
0 0.264893 0.615974 0.049316 0.102845
0 0.253906 0.737783 0.056641 0.105762
