1 0.519775 0.066375 0.046387 0.103574
1 0.677246 0.228665 0.048828 0.099927
1 0.662598 0.144420 0.046875 0.097739
1 0.698730 0.401896 0.050781 0.107950
1 0.706055 0.504376 0.054688 0.108680
1 0.640869 0.737053 0.064941 0.111597
1 0.518066 0.297958 0.047852 0.107221
0 0.436768 0.300511 0.045410 0.102115
0 0.284668 0.056893 0.047852 0.097739
0 0.281494 0.223924 0.050293 0.106492
0 0.272949 0.412108 0.051758 0.103574
0 0.264160 0.512035 0.054688 0.102115
0 0.261475 0.613786 0.056152 0.107221
0 0.447754 0.732312 0.056641 0.115244
