1 0.659668 0.059810 0.041992 0.096280
1 0.676758 0.229395 0.040039 0.098468
1 0.665283 0.145150 0.039551 0.094821
1 0.710693 0.506200 0.052246 0.094821
1 0.697754 0.400073 0.042969 0.102845
1 0.644043 0.739241 0.047852 0.104303
1 0.618164 0.617433 0.050781 0.108680
1 0.517090 0.299781 0.043945 0.099198
0 0.285156 0.057257 0.036133 0.091174
0 0.285889 0.136032 0.038574 0.088257
0 0.281738 0.223559 0.038086 0.091174
0 0.276611 0.307075 0.043457 0.097739
0 0.275635 0.408096 0.046387 0.097009
0 0.264893 0.509117 0.046387 0.100656
0 0.263184 0.612691 0.048828 0.103574
0 0.448242 0.733771 0.050781 0.112327
