1 0.698242 0.399344 0.043945 0.095551
1 0.709717 0.504741 0.048340 0.102115
1 0.642090 0.738877 0.050781 0.100656
1 0.617676 0.614515 0.050781 0.107221
1 0.676758 0.228665 0.041992 0.092633
1 0.665039 0.145879 0.039062 0.088986
1 0.658691 0.061634 0.040039 0.098468
1 0.516602 0.302334 0.042969 0.101386
0 0.451172 0.735594 0.051758 0.104303
0 0.261230 0.615974 0.056641 0.102845
0 0.264404 0.517505 0.057129 0.107221
0 0.274902 0.409555 0.053711 0.098468
0 0.277344 0.309263 0.057617 0.096280
0 0.280273 0.222465 0.050781 0.091904
0 0.285645 0.139314 0.050781 0.088986
0 0.285645 0.058716 0.038086 0.094092
